target: toon
name: Alice
output_name: alice
seed: 525
archetype: alice
variant: null
held_item: null
faction: null
role: null
music_cue: null
tags: []
frame_width: 90
frame_height: 112
label_width: 112
border: 4
spec:
  target: toon
  seed: 525
  archetype: alice
  name: Alice
  role: npc
  palette_name: alice
  body_plan: hero
  outfit: tabard
  hair_style: chignon
  prop: cipher_scroll
  accessory: scarf
  head_w: 24.892072506656536
  head_h: 29.068764461127508
  chin_h: 6.2
  neck_h: 4.0
  shoulder_w: 24.117954255124484
  torso_w: 20.46948362248839
  torso_h: 28.365870843864585
  hip_w: 19.214779873359365
  arm_upper: 13.428499530156424
  arm_lower: 13.049834781732434
  arm_radius: 2.6
  leg_upper: 17.07287962385875
  leg_lower: 16.234027298531327
  leg_radius: 2.8
  hand_r: 3.0
  foot_w: 10.940724682880942
  foot_h: 4.5
  coat_len: 10.0
  cape_len: 0.0
  hair_volume: 5.269079964136285
  nose_len: 2.9432907081999677
  satchel_size: 0.0
  hat_brim_offset_x: 0.0
  hat_brim_offset_y: 0.0
crop:
  source_frame_width: 128
  source_frame_height: 128
  offset:
    x: 7
    y: 8
  enabled: true
  padding_px: 2
animations:
  idle:
    frames:
    - index: 0
      x: 116
      y: 4
      w: 90
      h: 112
      duration_ms: 120
    - index: 1
      x: 210
      y: 4
      w: 90
      h: 112
      duration_ms: 120
    - index: 2
      x: 304
      y: 4
      w: 90
      h: 112
      duration_ms: 120
    - index: 3
      x: 398
      y: 4
      w: 90
      h: 112
      duration_ms: 120
    - index: 4
      x: 492
      y: 4
      w: 90
      h: 112
      duration_ms: 120
    - index: 5
      x: 586
      y: 4
      w: 90
      h: 112
      duration_ms: 120
    - index: 6
      x: 680
      y: 4
      w: 90
      h: 112
      duration_ms: 120
    - index: 7
      x: 774
      y: 4
      w: 90
      h: 112
      duration_ms: 120
    duration_ms: 120
  walk:
    frames:
    - index: 0
      x: 116
      y: 120
      w: 90
      h: 112
      duration_ms: 100
    - index: 1
      x: 210
      y: 120
      w: 90
      h: 112
      duration_ms: 100
    - index: 2
      x: 304
      y: 120
      w: 90
      h: 112
      duration_ms: 100
    - index: 3
      x: 398
      y: 120
      w: 90
      h: 112
      duration_ms: 100
    - index: 4
      x: 492
      y: 120
      w: 90
      h: 112
      duration_ms: 100
    - index: 5
      x: 586
      y: 120
      w: 90
      h: 112
      duration_ms: 100
    - index: 6
      x: 680
      y: 120
      w: 90
      h: 112
      duration_ms: 100
    - index: 7
      x: 774
      y: 120
      w: 90
      h: 112
      duration_ms: 100
    duration_ms: 100
  talk:
    frames:
    - index: 0
      x: 116
      y: 236
      w: 90
      h: 112
      duration_ms: 100
    - index: 1
      x: 210
      y: 236
      w: 90
      h: 112
      duration_ms: 100
    - index: 2
      x: 304
      y: 236
      w: 90
      h: 112
      duration_ms: 100
    - index: 3
      x: 398
      y: 236
      w: 90
      h: 112
      duration_ms: 100
    - index: 4
      x: 492
      y: 236
      w: 90
      h: 112
      duration_ms: 100
    - index: 5
      x: 586
      y: 236
      w: 90
      h: 112
      duration_ms: 100
    duration_ms: 100
  interact:
    frames:
    - index: 0
      x: 116
      y: 352
      w: 90
      h: 112
      duration_ms: 95
    - index: 1
      x: 210
      y: 352
      w: 90
      h: 112
      duration_ms: 95
    - index: 2
      x: 304
      y: 352
      w: 90
      h: 112
      duration_ms: 95
    - index: 3
      x: 398
      y: 352
      w: 90
      h: 112
      duration_ms: 95
    - index: 4
      x: 492
      y: 352
      w: 90
      h: 112
      duration_ms: 95
    - index: 5
      x: 586
      y: 352
      w: 90
      h: 112
      duration_ms: 95
    duration_ms: 95
body_metrics:
  frame_width: 90
  frame_height: 112
  body_pixel_bbox:
    x: 3
    y: 4
    w: 82
    h: 106
  feet_pixel:
    x: 43.5
    y: 109.0
  feet_anchor_norm:
    x: -0.016666666666666663
    y: -0.4732142857142857
