target: toon
name: Bob
output_name: bob
seed: 510
archetype: bob
variant: null
held_item: null
faction: null
role: null
music_cue: null
tags: []
frame_width: 94
frame_height: 103
label_width: 112
border: 4
spec:
  target: toon
  seed: 510
  archetype: bob
  name: Bob
  role: npc
  palette_name: bob
  body_plan: broad
  outfit: vest_over_shirt
  hair_style: tousled_crop
  prop: key_ring
  accessory: satchel
  head_w: 26.72149402028043
  head_h: 28.061754056384125
  chin_h: 6.0
  neck_h: 3.6
  shoulder_w: 35.586512630955234
  torso_w: 30.316451109226808
  torso_h: 27.888840309744033
  hip_w: 25.338626510577285
  arm_upper: 13.161184545032983
  arm_lower: 12.565781353798753
  arm_radius: 3.3
  leg_upper: 14.432348823529335
  leg_lower: 13.479994123227813
  leg_radius: 3.2
  hand_r: 3.4
  foot_w: 12.589146352167027
  foot_h: 5.0
  coat_len: 6.0
  cape_len: 0.0
  hair_volume: 4.677932117861086
  nose_len: 3.1501497694111973
  satchel_size: 7.5
  hat_brim_offset_x: 0.0
  hat_brim_offset_y: 0.0
crop:
  source_frame_width: 128
  source_frame_height: 128
  offset:
    x: 3
    y: 13
  enabled: true
  padding_px: 2
animations:
  idle:
    frames:
    - index: 0
      x: 116
      y: 4
      w: 94
      h: 103
      duration_ms: 120
    - index: 1
      x: 214
      y: 4
      w: 94
      h: 103
      duration_ms: 120
    - index: 2
      x: 312
      y: 4
      w: 94
      h: 103
      duration_ms: 120
    - index: 3
      x: 410
      y: 4
      w: 94
      h: 103
      duration_ms: 120
    - index: 4
      x: 508
      y: 4
      w: 94
      h: 103
      duration_ms: 120
    - index: 5
      x: 606
      y: 4
      w: 94
      h: 103
      duration_ms: 120
    - index: 6
      x: 704
      y: 4
      w: 94
      h: 103
      duration_ms: 120
    - index: 7
      x: 802
      y: 4
      w: 94
      h: 103
      duration_ms: 120
    duration_ms: 120
  walk:
    frames:
    - index: 0
      x: 116
      y: 111
      w: 94
      h: 103
      duration_ms: 100
    - index: 1
      x: 214
      y: 111
      w: 94
      h: 103
      duration_ms: 100
    - index: 2
      x: 312
      y: 111
      w: 94
      h: 103
      duration_ms: 100
    - index: 3
      x: 410
      y: 111
      w: 94
      h: 103
      duration_ms: 100
    - index: 4
      x: 508
      y: 111
      w: 94
      h: 103
      duration_ms: 100
    - index: 5
      x: 606
      y: 111
      w: 94
      h: 103
      duration_ms: 100
    - index: 6
      x: 704
      y: 111
      w: 94
      h: 103
      duration_ms: 100
    - index: 7
      x: 802
      y: 111
      w: 94
      h: 103
      duration_ms: 100
    duration_ms: 100
  talk:
    frames:
    - index: 0
      x: 116
      y: 218
      w: 94
      h: 103
      duration_ms: 100
    - index: 1
      x: 214
      y: 218
      w: 94
      h: 103
      duration_ms: 100
    - index: 2
      x: 312
      y: 218
      w: 94
      h: 103
      duration_ms: 100
    - index: 3
      x: 410
      y: 218
      w: 94
      h: 103
      duration_ms: 100
    - index: 4
      x: 508
      y: 218
      w: 94
      h: 103
      duration_ms: 100
    - index: 5
      x: 606
      y: 218
      w: 94
      h: 103
      duration_ms: 100
    duration_ms: 100
  interact:
    frames:
    - index: 0
      x: 116
      y: 325
      w: 94
      h: 103
      duration_ms: 95
    - index: 1
      x: 214
      y: 325
      w: 94
      h: 103
      duration_ms: 95
    - index: 2
      x: 312
      y: 325
      w: 94
      h: 103
      duration_ms: 95
    - index: 3
      x: 410
      y: 325
      w: 94
      h: 103
      duration_ms: 95
    - index: 4
      x: 508
      y: 325
      w: 94
      h: 103
      duration_ms: 95
    - index: 5
      x: 606
      y: 325
      w: 94
      h: 103
      duration_ms: 95
    duration_ms: 95
body_metrics:
  frame_width: 94
  frame_height: 103
  body_pixel_bbox:
    x: 4
    y: 4
    w: 86
    h: 97
  feet_pixel:
    x: 46.5
    y: 100.0
  feet_anchor_norm:
    x: -0.005319148936170193
    y: -0.470873786407767
