target: toon
name: Erdish
output_name: erdish
seed: 731
archetype: erdish
variant: null
held_item: null
faction: null
role: null
music_cue: null
tags: []
frame_width: 91
frame_height: 116
label_width: 112
border: 4
spec:
  target: toon
  seed: 731
  archetype: erdish
  name: Erdish
  role: npc
  palette_name: erdish
  body_plan: tall
  outfit: long_coat
  hair_style: swoop
  prop: tablet
  accessory: satchel
  head_w: 23.266407523179677
  head_h: 28.238079448364495
  chin_h: 6.2
  neck_h: 4.2
  shoulder_w: 20.40561242748064
  torso_w: 17.4751469953154
  torso_h: 29.049496794689254
  hip_w: 16.095985385446927
  arm_upper: 14.511185530266447
  arm_lower: 14.302170368413956
  arm_radius: 2.3
  leg_upper: 18.931290684050897
  leg_lower: 17.720941860324228
  leg_radius: 2.6
  hand_r: 2.8
  foot_w: 10.53090679837794
  foot_h: 4.2
  coat_len: 20.0
  cape_len: 0.0
  hair_volume: 7.039335633919437
  nose_len: 3.3109513961312316
  satchel_size: 8.5
  hat_brim_offset_x: 0.0
  hat_brim_offset_y: 0.0
crop:
  source_frame_width: 128
  source_frame_height: 128
  offset:
    x: 7
    y: 6
  enabled: true
  padding_px: 2
animations:
  idle:
    frames:
    - index: 0
      x: 116
      y: 4
      w: 91
      h: 116
      duration_ms: 120
    - index: 1
      x: 211
      y: 4
      w: 91
      h: 116
      duration_ms: 120
    - index: 2
      x: 306
      y: 4
      w: 91
      h: 116
      duration_ms: 120
    - index: 3
      x: 401
      y: 4
      w: 91
      h: 116
      duration_ms: 120
    - index: 4
      x: 496
      y: 4
      w: 91
      h: 116
      duration_ms: 120
    - index: 5
      x: 591
      y: 4
      w: 91
      h: 116
      duration_ms: 120
    - index: 6
      x: 686
      y: 4
      w: 91
      h: 116
      duration_ms: 120
    - index: 7
      x: 781
      y: 4
      w: 91
      h: 116
      duration_ms: 120
    duration_ms: 120
  walk:
    frames:
    - index: 0
      x: 116
      y: 124
      w: 91
      h: 116
      duration_ms: 100
    - index: 1
      x: 211
      y: 124
      w: 91
      h: 116
      duration_ms: 100
    - index: 2
      x: 306
      y: 124
      w: 91
      h: 116
      duration_ms: 100
    - index: 3
      x: 401
      y: 124
      w: 91
      h: 116
      duration_ms: 100
    - index: 4
      x: 496
      y: 124
      w: 91
      h: 116
      duration_ms: 100
    - index: 5
      x: 591
      y: 124
      w: 91
      h: 116
      duration_ms: 100
    - index: 6
      x: 686
      y: 124
      w: 91
      h: 116
      duration_ms: 100
    - index: 7
      x: 781
      y: 124
      w: 91
      h: 116
      duration_ms: 100
    duration_ms: 100
  talk:
    frames:
    - index: 0
      x: 116
      y: 244
      w: 91
      h: 116
      duration_ms: 100
    - index: 1
      x: 211
      y: 244
      w: 91
      h: 116
      duration_ms: 100
    - index: 2
      x: 306
      y: 244
      w: 91
      h: 116
      duration_ms: 100
    - index: 3
      x: 401
      y: 244
      w: 91
      h: 116
      duration_ms: 100
    - index: 4
      x: 496
      y: 244
      w: 91
      h: 116
      duration_ms: 100
    - index: 5
      x: 591
      y: 244
      w: 91
      h: 116
      duration_ms: 100
    duration_ms: 100
  interact:
    frames:
    - index: 0
      x: 116
      y: 364
      w: 91
      h: 116
      duration_ms: 95
    - index: 1
      x: 211
      y: 364
      w: 91
      h: 116
      duration_ms: 95
    - index: 2
      x: 306
      y: 364
      w: 91
      h: 116
      duration_ms: 95
    - index: 3
      x: 401
      y: 364
      w: 91
      h: 116
      duration_ms: 95
    - index: 4
      x: 496
      y: 364
      w: 91
      h: 116
      duration_ms: 95
    - index: 5
      x: 591
      y: 364
      w: 91
      h: 116
      duration_ms: 95
    duration_ms: 95
body_metrics:
  frame_width: 91
  frame_height: 116
  body_pixel_bbox:
    x: 3
    y: 4
    w: 84
    h: 109
  feet_pixel:
    x: 44.5
    y: 112.0
  feet_anchor_norm:
    x: -0.010989010989011005
    y: -0.4655172413793104
