target: toon
name: Oiler
output_name: oiler
seed: 617
archetype: oiler
variant: null
held_item: null
faction: null
role: null
music_cue: null
tags: []
frame_width: 83
frame_height: 101
label_width: 112
border: 4
spec:
  target: toon
  seed: 617
  archetype: oiler
  name: Oiler
  role: npc
  palette_name: oiler
  body_plan: broad
  outfit: apron
  hair_style: scholar_queue
  prop: wrench
  accessory: satchel
  head_w: 26.23196961707142
  head_h: 28.444650622065843
  chin_h: 6.5
  neck_h: 3.4
  shoulder_w: 30.420530069614014
  torso_w: 29.720880740765104
  torso_h: 28.38157630338051
  hip_w: 25.17117940520656
  arm_upper: 12.821048106743365
  arm_lower: 12.532940703422566
  arm_radius: 3.2
  leg_upper: 11.929475199493659
  leg_lower: 10.627630759658283
  leg_radius: 3.2
  hand_r: 3.3
  foot_w: 13.340632389748638
  foot_h: 5.0
  coat_len: 9.0
  cape_len: 0.0
  hair_volume: 5.329780031068427
  nose_len: 3.234325562320255
  satchel_size: 9.0
  hat_brim_offset_x: 0.0
  hat_brim_offset_y: 0.0
crop:
  source_frame_width: 128
  source_frame_height: 128
  offset:
    x: 6
    y: 15
  enabled: true
  padding_px: 2
animations:
  idle:
    frames:
    - index: 0
      x: 116
      y: 4
      w: 83
      h: 101
      duration_ms: 120
    - index: 1
      x: 203
      y: 4
      w: 83
      h: 101
      duration_ms: 120
    - index: 2
      x: 290
      y: 4
      w: 83
      h: 101
      duration_ms: 120
    - index: 3
      x: 377
      y: 4
      w: 83
      h: 101
      duration_ms: 120
    - index: 4
      x: 464
      y: 4
      w: 83
      h: 101
      duration_ms: 120
    - index: 5
      x: 551
      y: 4
      w: 83
      h: 101
      duration_ms: 120
    - index: 6
      x: 638
      y: 4
      w: 83
      h: 101
      duration_ms: 120
    - index: 7
      x: 725
      y: 4
      w: 83
      h: 101
      duration_ms: 120
    duration_ms: 120
  walk:
    frames:
    - index: 0
      x: 116
      y: 109
      w: 83
      h: 101
      duration_ms: 100
    - index: 1
      x: 203
      y: 109
      w: 83
      h: 101
      duration_ms: 100
    - index: 2
      x: 290
      y: 109
      w: 83
      h: 101
      duration_ms: 100
    - index: 3
      x: 377
      y: 109
      w: 83
      h: 101
      duration_ms: 100
    - index: 4
      x: 464
      y: 109
      w: 83
      h: 101
      duration_ms: 100
    - index: 5
      x: 551
      y: 109
      w: 83
      h: 101
      duration_ms: 100
    - index: 6
      x: 638
      y: 109
      w: 83
      h: 101
      duration_ms: 100
    - index: 7
      x: 725
      y: 109
      w: 83
      h: 101
      duration_ms: 100
    duration_ms: 100
  talk:
    frames:
    - index: 0
      x: 116
      y: 214
      w: 83
      h: 101
      duration_ms: 100
    - index: 1
      x: 203
      y: 214
      w: 83
      h: 101
      duration_ms: 100
    - index: 2
      x: 290
      y: 214
      w: 83
      h: 101
      duration_ms: 100
    - index: 3
      x: 377
      y: 214
      w: 83
      h: 101
      duration_ms: 100
    - index: 4
      x: 464
      y: 214
      w: 83
      h: 101
      duration_ms: 100
    - index: 5
      x: 551
      y: 214
      w: 83
      h: 101
      duration_ms: 100
    duration_ms: 100
  interact:
    frames:
    - index: 0
      x: 116
      y: 319
      w: 83
      h: 101
      duration_ms: 95
    - index: 1
      x: 203
      y: 319
      w: 83
      h: 101
      duration_ms: 95
    - index: 2
      x: 290
      y: 319
      w: 83
      h: 101
      duration_ms: 95
    - index: 3
      x: 377
      y: 319
      w: 83
      h: 101
      duration_ms: 95
    - index: 4
      x: 464
      y: 319
      w: 83
      h: 101
      duration_ms: 95
    - index: 5
      x: 551
      y: 319
      w: 83
      h: 101
      duration_ms: 95
    duration_ms: 95
body_metrics:
  frame_width: 83
  frame_height: 101
  body_pixel_bbox:
    x: 3
    y: 3
    w: 76
    h: 96
  feet_pixel:
    x: 40.5
    y: 98.0
  feet_anchor_norm:
    x: -0.01204819277108432
    y: -0.47029702970297027
